! Data file for `c2glass.mos'

CPROD: [100 80 110 90 200 140]

CSTOCK: [25 28 25 27 10 20]

FSTOCK: [10 10 10 10 10 10]

ISTOCK: [50 20  0 15  0 10]

DEM: [20 22 18 35 17 19 23 20 29 30 28 32
      17 19 23 20 11 10 12 34 21 23 30 12
      18 35 17 10  9 21 23 15 10  0 13 17
      31 45 24 38 41 20 19 37 28 12 30 37
      23 20 23 15 10 22 18 30 28  7 15 10
      22 18 20 19 18 35  0 28 12 30 21 23]

CAPW: 390
CAPM: 850
CAPS: 1000

TIMEW: [3 3 3 2  4 4]
TIMEM: [2 1 4 8 11 9]

SPACE: [4 5 5 6  4 9]

