! Data file for `f3landing.mos'

START: [129 195  89  96 110 120 124 126 135 160]
TARGET:[155 258  98 106 123 135 138 140 150 180]
STOP:  [559 744 510 521 555 576 577 573 591 657]
CEARLY: [10  10  30  30  30  30  30  30  30  30]
CLATE:  [10  10  30  30  30  30  30  30  30  30]


DIST: [0  3 15 15 15 15 15 15 15 15 
       3  0 15 15 15 15 15 15 15 15 
      15 15  0  8  8  8  8  8  8  8 
      15 15  8  0  8  8  8  8  8  8 
      15 15  8  8  0  8  8  8  8  8 
      15 15  8  8  8  0  8  8  8  8 
      15 15  8  8  8  8  0  8  8  8 
      15 15  8  8  8  8  8  0  8  8 
      15 15  8  8  8  8  8  8  0  8 
      15 15  8  8  8  8  8  8  8  0 ]
