! Data file for `j3elect_rev.mos'

NEIGHB: [(1 1)  2  (1 2) 5
         (2 1)  3  (2 2) 5
         (3 1)  4  (3 2) 5
         (4 1)  5  (4 2) 10
         (5 1)  6  (5 2) 10
         (6 1)  7  (6 2) 8
         (7 1)  8  (7 2) 9
         (8 1)  9  (8 2) 10 (8 3) 11
         (9 1) 11  (9 2) 12
        (10 1) 11 (10 2) 13
        (11 1) 12 (11 2) 13
        (12 1) 14
        (13 1) 14 ] 

POP:   [30 50 20 70 20 40 30 30 40 60 10 60 40 40]
VOTES: [17.5 15 14.2 42 18 9 12 10 26 34 2.5 27 29 15]

MINPOP: 30 
MAXPOP: 100
MINSINGLE: 50
